2012 3 5 10 1.0 
2012 3 6 5 1.0 
2012 3 6 8 1.0 
2012 3 6 10 36.0 
2012 3 7 4 1.0 
2012 3 7 5 29.0 
2012 3 7 6 15.0 
2012 3 7 7 4.0 
2012 3 7 8 7.0 
2012 3 7 9 19.0 
2012 3 7 10 86.0 
2012 3 8 5 7.0 
2012 3 8 6 16.0 
2012 3 8 7 332.0 
2012 3 8 8 145.0 
2012 3 8 9 144.0 
2012 3 8 10 24.0 
2012 3 8 11 7.0 
2012 3 9 5 14.0 
2012 3 9 6 57.0 
2012 3 9 7 78.0 
2012 3 9 8 63.0 
2012 3 9 9 67.0 
2012 3 9 10 2.0 
2012 3 10 5 40.0 
2012 3 10 6 157.0 
2012 3 10 7 109.0 
2012 3 10 8 98.0 
2012 3 10 9 43.0 
2012 3 11 5 5.0 
2012 3 11 6 116.0 
2012 3 11 7 164.0 
2012 3 11 8 79.0 
2012 3 11 9 10.0 
2012 3 12 6 28.0 
2012 3 12 7 122.0 
2012 3 12 8 16.0 
2012 4 6 5 4.0 
2012 4 6 8 1.0 
2012 4 6 10 23.0 
2012 4 7 4 1.0 
2012 4 7 5 16.0 
2012 4 7 6 9.0 
2012 4 7 7 4.0 
2012 4 7 8 5.0 
2012 4 7 9 20.0 
2012 4 7 10 92.0 
2012 4 8 5 9.0 
2012 4 8 6 14.0 
2012 4 8 7 347.0 
2012 4 8 8 186.0 
2012 4 8 9 153.0 
2012 4 8 10 34.0 
2012 4 8 11 5.0 
2012 4 9 5 7.0 
2012 4 9 6 74.0 
2012 4 9 7 72.0 
2012 4 9 8 82.0 
2012 4 9 9 64.0 
2012 4 9 10 4.0 
2012 4 10 5 48.0 
2012 4 10 6 181.0 
2012 4 10 7 124.0 
2012 4 10 8 102.0 
2012 4 10 9 47.0 
2012 4 11 5 2.0 
2012 4 11 6 122.0 
2012 4 11 7 180.0 
2012 4 11 8 97.0 
2012 4 11 9 17.0 
2012 4 12 6 22.0 
2012 4 12 7 128.0 
2012 4 12 8 19.0 
2012 4 12 9 2.0 
2012 5 6 5 1.0 
2012 5 6 8 2.0 
2012 5 6 10 35.0 
2012 5 7 4 1.0 
2012 5 7 5 31.0 
2012 5 7 6 17.0 
2012 5 7 7 2.0 
2012 5 7 8 3.0 
2012 5 7 9 17.0 
2012 5 7 10 110.0 
2012 5 8 5 9.0 
2012 5 8 6 10.0 
2012 5 8 7 370.0 
2012 5 8 8 189.0 
2012 5 8 9 129.0 
2012 5 8 10 39.0 
2012 5 8 11 10.0 
2012 5 9 5 12.0 
2012 5 9 6 88.0 
2012 5 9 7 77.0 
2012 5 9 8 74.0 
2012 5 9 9 69.0 
2012 5 9 10 4.0 
2012 5 10 5 44.0 
2012 5 10 6 207.0 
2012 5 10 7 125.0 
2012 5 10 8 113.0 
2012 5 10 9 51.0 
2012 5 11 5 7.0 
2012 5 11 6 149.0 
2012 5 11 7 197.0 
2012 5 11 8 79.0 
2012 5 11 9 10.0 
2012 5 12 5 2.0 
2012 5 12 6 31.0 
2012 5 12 7 153.0 
2012 5 12 8 30.0 
2012 5 12 9 1.0 
2012 6 5 10 1.0 
2012 6 6 8 2.0 
2012 6 6 10 30.0 
2012 6 6 11 2.0 
2012 6 7 4 1.0 
2012 6 7 5 33.0 
2012 6 7 6 8.0 
2012 6 7 7 5.0 
2012 6 7 8 6.0 
2012 6 7 9 21.0 
2012 6 7 10 108.0 
2012 6 7 11 1.0 
2012 6 8 4 1.0 
2012 6 8 5 10.0 
2012 6 8 6 20.0 
2012 6 8 7 355.0 
2012 6 8 8 171.0 
2012 6 8 9 149.0 
2012 6 8 10 41.0 
2012 6 8 11 5.0 
2012 6 9 5 11.0 
2012 6 9 6 65.0 
2012 6 9 7 101.0 
2012 6 9 8 80.0 
2012 6 9 9 70.0 
2012 6 9 10 1.0 
2012 6 10 5 64.0 
2012 6 10 6 179.0 
2012 6 10 7 152.0 
2012 6 10 8 129.0 
2012 6 10 9 56.0 
2012 6 11 5 8.0 
2012 6 11 6 159.0 
2012 6 11 7 224.0 
2012 6 11 8 69.0 
2012 6 11 9 14.0 
2012 6 12 5 1.0 
2012 6 12 6 28.0 
2012 6 12 7 144.0 
2012 6 12 8 22.0 
2012 6 14 6 1.0 
2012 7 5 10 1.0 
2012 7 6 5 1.0 
2012 7 6 6 1.0 
2012 7 6 8 2.0 
2012 7 6 10 43.0 
2012 7 7 5 31.0 
2012 7 7 6 30.0 
2012 7 7 7 3.0 
2012 7 7 8 12.0 
2012 7 7 9 32.0 
2012 7 7 10 139.0 
2012 7 8 4 1.0 
2012 7 8 5 12.0 
2012 7 8 6 18.0 
2012 7 8 7 422.0 
2012 7 8 8 186.0 
2012 7 8 9 170.0 
2012 7 8 10 49.0 
2012 7 8 11 12.0 
2012 7 9 5 17.0 
2012 7 9 6 84.0 
2012 7 9 7 118.0 
2012 7 9 8 98.0 
2012 7 9 9 104.0 
2012 7 9 10 6.0 
2012 7 10 5 55.0 
2012 7 10 6 214.0 
2012 7 10 7 141.0 
2012 7 10 8 138.0 
2012 7 10 9 72.0 
2012 7 11 5 3.0 
2012 7 11 6 144.0 
2012 7 11 7 257.0 
2012 7 11 8 106.0 
2012 7 11 9 11.0 
2012 7 12 5 2.0 
2012 7 12 6 35.0 
2012 7 12 7 145.0 
2012 7 12 8 21.0 
2012 7 14 7 1.0 
2012 8 6 5 3.0 
2012 8 6 8 2.0 
2012 8 6 10 37.0 
2012 8 6 11 2.0 
2012 8 7 5 29.0 
2012 8 7 6 29.0 
2012 8 7 7 7.0 
2012 8 7 8 8.0 
2012 8 7 9 28.0 
2012 8 7 10 132.0 
2012 8 8 4 1.0 
2012 8 8 5 9.0 
2012 8 8 6 21.0 
2012 8 8 7 394.0 
2012 8 8 8 185.0 
2012 8 8 9 151.0 
2012 8 8 10 38.0 
2012 8 8 11 6.0 
2012 8 9 5 8.0 
2012 8 9 6 101.0 
2012 8 9 7 98.0 
2012 8 9 8 86.0 
2012 8 9 9 92.0 
2012 8 9 10 3.0 
2012 8 10 5 46.0 
2012 8 10 6 214.0 
2012 8 10 7 187.0 
2012 8 10 8 142.0 
2012 8 10 9 53.0 
2012 8 11 5 4.0 
2012 8 11 6 157.0 
2012 8 11 7 228.0 
2012 8 11 8 119.0 
2012 8 11 9 12.0 
2012 8 12 6 37.0 
2012 8 12 7 138.0 
2012 8 12 8 22.0 
2012 8 12 9 1.0 
2012 9 6 5 2.0 
2012 9 6 6 1.0 
2012 9 6 8 1.0 
2012 9 6 9 2.0 
2012 9 6 10 33.0 
2012 9 6 11 1.0 
2012 9 7 4 1.0 
2012 9 7 5 39.0 
2012 9 7 6 22.0 
2012 9 7 7 3.0 
2012 9 7 8 5.0 
2012 9 7 9 21.0 
2012 9 7 10 140.0 
2012 9 8 5 22.0 
2012 9 8 6 15.0 
2012 9 8 7 362.0 
2012 9 8 8 183.0 
2012 9 8 9 154.0 
2012 9 8 10 34.0 
2012 9 8 11 8.0 
2012 9 9 5 17.0 
2012 9 9 6 77.0 
2012 9 9 7 121.0 
2012 9 9 8 84.0 
2012 9 9 9 63.0 
2012 9 9 10 1.0 
2012 9 10 5 57.0 
2012 9 10 6 200.0 
2012 9 10 7 149.0 
2012 9 10 8 144.0 
2012 9 10 9 62.0 
2012 9 11 5 6.0 
2012 9 11 6 156.0 
2012 9 11 7 188.0 
2012 9 11 8 88.0 
2012 9 11 9 13.0 
2012 9 12 6 25.0 
2012 9 12 7 155.0 
2012 9 12 8 21.0 
2012 10 6 5 3.0 
2012 10 6 8 3.0 
2012 10 6 9 1.0 
2012 10 6 10 33.0 
2012 10 7 5 18.0 
2012 10 7 6 13.0 
2012 10 7 7 1.0 
2012 10 7 8 10.0 
2012 10 7 9 8.0 
2012 10 7 10 103.0 
2012 10 8 5 4.0 
2012 10 8 6 16.0 
2012 10 8 7 360.0 
2012 10 8 8 188.0 
2012 10 8 9 156.0 
2012 10 8 10 39.0 
2012 10 8 11 6.0 
2012 10 9 5 13.0 
2012 10 9 6 62.0 
2012 10 9 7 85.0 
2012 10 9 8 82.0 
2012 10 9 9 70.0 
2012 10 9 10 3.0 
2012 10 10 5 47.0 
2012 10 10 6 168.0 
2012 10 10 7 111.0 
2012 10 10 8 115.0 
2012 10 10 9 51.0 
2012 10 11 6 113.0 
2012 10 11 7 164.0 
2012 10 11 8 86.0 
2012 10 11 9 10.0 
2012 10 12 5 2.0 
2012 10 12 6 34.0 
2012 10 12 7 143.0 
2012 10 12 8 14.0 
2012 11 6 5 3.0 
2012 11 6 8 1.0 
2012 11 6 10 19.0 
2012 11 7 5 15.0 
2012 11 7 6 23.0 
2012 11 7 7 3.0 
2012 11 7 8 6.0 
2012 11 7 9 13.0 
2012 11 7 10 98.0 
2012 11 8 5 10.0 
2012 11 8 6 16.0 
2012 11 8 7 351.0 
2012 11 8 8 136.0 
2012 11 8 9 136.0 
2012 11 8 10 29.0 
2012 11 8 11 10.0 
2012 11 9 5 19.0 
2012 11 9 6 76.0 
2012 11 9 7 75.0 
2012 11 9 8 64.0 
2012 11 9 9 44.0 
2012 11 9 10 3.0 
2012 11 10 5 48.0 
2012 11 10 6 182.0 
2012 11 10 7 104.0 
2012 11 10 8 106.0 
2012 11 10 9 53.0 
2012 11 11 5 8.0 
2012 11 11 6 104.0 
2012 11 11 7 151.0 
2012 11 11 8 78.0 
2012 11 11 9 10.0 
2012 11 12 5 2.0 
2012 11 12 6 24.0 
2012 11 12 7 137.0 
2012 11 12 8 24.0 
2012 12 6 5 1.0 
2012 12 6 6 1.0 
2012 12 6 8 2.0 
2012 12 6 10 34.0 
2012 12 7 5 33.0 
2012 12 7 6 24.0 
2012 12 7 7 5.0 
2012 12 7 8 9.0 
2012 12 7 9 16.0 
2012 12 7 10 107.0 
2012 12 8 5 14.0 
2012 12 8 6 10.0 
2012 12 8 7 326.0 
2012 12 8 8 132.0 
2012 12 8 9 115.0 
2012 12 8 10 26.0 
2012 12 8 11 8.0 
2012 12 9 5 15.0 
2012 12 9 6 52.0 
2012 12 9 7 90.0 
2012 12 9 8 70.0 
2012 12 9 9 51.0 
2012 12 9 10 2.0 
2012 12 10 5 36.0 
2012 12 10 6 175.0 
2012 12 10 7 113.0 
2012 12 10 8 114.0 
2012 12 10 9 42.0 
2012 12 11 5 5.0 
2012 12 11 6 128.0 
2012 12 11 7 166.0 
2012 12 11 8 70.0 
2012 12 11 9 13.0 
2012 12 12 5 4.0 
2012 12 12 6 39.0 
2012 12 12 7 115.0 
2012 12 12 8 25.0 
